{
 "cells": [
  {
   "cell_type": "code",
   "execution_count": 1,
   "metadata": {},
   "outputs": [],
   "source": [
    "import pandas as pd\n",
    "import seaborn as sns\n",
    "import numpy as ny\n",
    "import matplotlib as ml"
   ]
  },
  {
   "cell_type": "code",
   "execution_count": 3,
   "metadata": {},
   "outputs": [],
   "source": [
    "df1 = pd.read_csv(\"/home/pisop/Documents/pythonH3/house_pricing.csv\")"
   ]
  },
  {
   "cell_type": "code",
   "execution_count": 4,
   "metadata": {},
   "outputs": [
    {
     "name": "stdout",
     "output_type": "stream",
     "text": [
      "<class 'pandas.core.frame.DataFrame'>\n",
      "RangeIndex: 1460 entries, 0 to 1459\n",
      "Data columns (total 81 columns):\n",
      " #   Column         Non-Null Count  Dtype  \n",
      "---  ------         --------------  -----  \n",
      " 0   Id             1460 non-null   int64  \n",
      " 1   MSSubClass     1460 non-null   int64  \n",
      " 2   MSZoning       1460 non-null   object \n",
      " 3   LotFrontage    1201 non-null   float64\n",
      " 4   LotArea        1460 non-null   int64  \n",
      " 5   Street         1460 non-null   object \n",
      " 6   Alley          91 non-null     object \n",
      " 7   LotShape       1460 non-null   object \n",
      " 8   LandContour    1460 non-null   object \n",
      " 9   Utilities      1460 non-null   object \n",
      " 10  LotConfig      1460 non-null   object \n",
      " 11  LandSlope      1460 non-null   object \n",
      " 12  Neighborhood   1460 non-null   object \n",
      " 13  Condition1     1460 non-null   object \n",
      " 14  Condition2     1460 non-null   object \n",
      " 15  BldgType       1460 non-null   object \n",
      " 16  HouseStyle     1460 non-null   object \n",
      " 17  OverallQual    1460 non-null   int64  \n",
      " 18  OverallCond    1460 non-null   int64  \n",
      " 19  YearBuilt      1460 non-null   int64  \n",
      " 20  YearRemodAdd   1460 non-null   int64  \n",
      " 21  RoofStyle      1460 non-null   object \n",
      " 22  RoofMatl       1460 non-null   object \n",
      " 23  Exterior1st    1460 non-null   object \n",
      " 24  Exterior2nd    1460 non-null   object \n",
      " 25  MasVnrType     1452 non-null   object \n",
      " 26  MasVnrArea     1452 non-null   float64\n",
      " 27  ExterQual      1460 non-null   object \n",
      " 28  ExterCond      1460 non-null   object \n",
      " 29  Foundation     1460 non-null   object \n",
      " 30  BsmtQual       1423 non-null   object \n",
      " 31  BsmtCond       1423 non-null   object \n",
      " 32  BsmtExposure   1422 non-null   object \n",
      " 33  BsmtFinType1   1423 non-null   object \n",
      " 34  BsmtFinSF1     1460 non-null   int64  \n",
      " 35  BsmtFinType2   1422 non-null   object \n",
      " 36  BsmtFinSF2     1460 non-null   int64  \n",
      " 37  BsmtUnfSF      1460 non-null   int64  \n",
      " 38  TotalBsmtSF    1460 non-null   int64  \n",
      " 39  Heating        1460 non-null   object \n",
      " 40  HeatingQC      1460 non-null   object \n",
      " 41  CentralAir     1460 non-null   object \n",
      " 42  Electrical     1459 non-null   object \n",
      " 43  1stFlrSF       1460 non-null   int64  \n",
      " 44  2ndFlrSF       1460 non-null   int64  \n",
      " 45  LowQualFinSF   1460 non-null   int64  \n",
      " 46  GrLivArea      1460 non-null   int64  \n",
      " 47  BsmtFullBath   1460 non-null   int64  \n",
      " 48  BsmtHalfBath   1460 non-null   int64  \n",
      " 49  FullBath       1460 non-null   int64  \n",
      " 50  HalfBath       1460 non-null   int64  \n",
      " 51  BedroomAbvGr   1460 non-null   int64  \n",
      " 52  KitchenAbvGr   1460 non-null   int64  \n",
      " 53  KitchenQual    1460 non-null   object \n",
      " 54  TotRmsAbvGrd   1460 non-null   int64  \n",
      " 55  Functional     1460 non-null   object \n",
      " 56  Fireplaces     1460 non-null   int64  \n",
      " 57  FireplaceQu    770 non-null    object \n",
      " 58  GarageType     1379 non-null   object \n",
      " 59  GarageYrBlt    1379 non-null   float64\n",
      " 60  GarageFinish   1379 non-null   object \n",
      " 61  GarageCars     1460 non-null   int64  \n",
      " 62  GarageArea     1460 non-null   int64  \n",
      " 63  GarageQual     1379 non-null   object \n",
      " 64  GarageCond     1379 non-null   object \n",
      " 65  PavedDrive     1460 non-null   object \n",
      " 66  WoodDeckSF     1460 non-null   int64  \n",
      " 67  OpenPorchSF    1460 non-null   int64  \n",
      " 68  EnclosedPorch  1460 non-null   int64  \n",
      " 69  3SsnPorch      1460 non-null   int64  \n",
      " 70  ScreenPorch    1460 non-null   int64  \n",
      " 71  PoolArea       1460 non-null   int64  \n",
      " 72  PoolQC         7 non-null      object \n",
      " 73  Fence          281 non-null    object \n",
      " 74  MiscFeature    54 non-null     object \n",
      " 75  MiscVal        1460 non-null   int64  \n",
      " 76  MoSold         1460 non-null   int64  \n",
      " 77  YrSold         1460 non-null   int64  \n",
      " 78  SaleType       1460 non-null   object \n",
      " 79  SaleCondition  1460 non-null   object \n",
      " 80  SalePrice      1460 non-null   int64  \n",
      "dtypes: float64(3), int64(35), object(43)\n",
      "memory usage: 924.0+ KB\n"
     ]
    }
   ],
   "source": [
    "df1.info()"
   ]
  },
  {
   "cell_type": "code",
   "execution_count": 10,
   "metadata": {},
   "outputs": [],
   "source": [
    "df2 = df1[df1.columns[66:81]]"
   ]
  },
  {
   "cell_type": "code",
   "execution_count": 12,
   "metadata": {},
   "outputs": [
    {
     "data": {
      "text/html": [
       "<div>\n",
       "<style scoped>\n",
       "    .dataframe tbody tr th:only-of-type {\n",
       "        vertical-align: middle;\n",
       "    }\n",
       "\n",
       "    .dataframe tbody tr th {\n",
       "        vertical-align: top;\n",
       "    }\n",
       "\n",
       "    .dataframe thead th {\n",
       "        text-align: right;\n",
       "    }\n",
       "</style>\n",
       "<table border=\"1\" class=\"dataframe\">\n",
       "  <thead>\n",
       "    <tr style=\"text-align: right;\">\n",
       "      <th></th>\n",
       "      <th>WoodDeckSF</th>\n",
       "      <th>OpenPorchSF</th>\n",
       "      <th>EnclosedPorch</th>\n",
       "      <th>3SsnPorch</th>\n",
       "      <th>ScreenPorch</th>\n",
       "      <th>PoolArea</th>\n",
       "      <th>MiscVal</th>\n",
       "      <th>MoSold</th>\n",
       "      <th>YrSold</th>\n",
       "      <th>SalePrice</th>\n",
       "    </tr>\n",
       "  </thead>\n",
       "  <tbody>\n",
       "    <tr>\n",
       "      <th>WoodDeckSF</th>\n",
       "      <td>1.000000</td>\n",
       "      <td>0.058661</td>\n",
       "      <td>-0.125989</td>\n",
       "      <td>-0.032771</td>\n",
       "      <td>-0.074181</td>\n",
       "      <td>0.073378</td>\n",
       "      <td>-0.009551</td>\n",
       "      <td>0.021011</td>\n",
       "      <td>0.022270</td>\n",
       "      <td>0.324413</td>\n",
       "    </tr>\n",
       "    <tr>\n",
       "      <th>OpenPorchSF</th>\n",
       "      <td>0.058661</td>\n",
       "      <td>1.000000</td>\n",
       "      <td>-0.093079</td>\n",
       "      <td>-0.005842</td>\n",
       "      <td>0.074304</td>\n",
       "      <td>0.060762</td>\n",
       "      <td>-0.018584</td>\n",
       "      <td>0.071255</td>\n",
       "      <td>-0.057619</td>\n",
       "      <td>0.315856</td>\n",
       "    </tr>\n",
       "    <tr>\n",
       "      <th>EnclosedPorch</th>\n",
       "      <td>-0.125989</td>\n",
       "      <td>-0.093079</td>\n",
       "      <td>1.000000</td>\n",
       "      <td>-0.037305</td>\n",
       "      <td>-0.082864</td>\n",
       "      <td>0.054203</td>\n",
       "      <td>0.018361</td>\n",
       "      <td>-0.028887</td>\n",
       "      <td>-0.009916</td>\n",
       "      <td>-0.128578</td>\n",
       "    </tr>\n",
       "    <tr>\n",
       "      <th>3SsnPorch</th>\n",
       "      <td>-0.032771</td>\n",
       "      <td>-0.005842</td>\n",
       "      <td>-0.037305</td>\n",
       "      <td>1.000000</td>\n",
       "      <td>-0.031436</td>\n",
       "      <td>-0.007992</td>\n",
       "      <td>0.000354</td>\n",
       "      <td>0.029474</td>\n",
       "      <td>0.018645</td>\n",
       "      <td>0.044584</td>\n",
       "    </tr>\n",
       "    <tr>\n",
       "      <th>ScreenPorch</th>\n",
       "      <td>-0.074181</td>\n",
       "      <td>0.074304</td>\n",
       "      <td>-0.082864</td>\n",
       "      <td>-0.031436</td>\n",
       "      <td>1.000000</td>\n",
       "      <td>0.051307</td>\n",
       "      <td>0.031946</td>\n",
       "      <td>0.023217</td>\n",
       "      <td>0.010694</td>\n",
       "      <td>0.111447</td>\n",
       "    </tr>\n",
       "    <tr>\n",
       "      <th>PoolArea</th>\n",
       "      <td>0.073378</td>\n",
       "      <td>0.060762</td>\n",
       "      <td>0.054203</td>\n",
       "      <td>-0.007992</td>\n",
       "      <td>0.051307</td>\n",
       "      <td>1.000000</td>\n",
       "      <td>0.029669</td>\n",
       "      <td>-0.033737</td>\n",
       "      <td>-0.059689</td>\n",
       "      <td>0.092404</td>\n",
       "    </tr>\n",
       "    <tr>\n",
       "      <th>MiscVal</th>\n",
       "      <td>-0.009551</td>\n",
       "      <td>-0.018584</td>\n",
       "      <td>0.018361</td>\n",
       "      <td>0.000354</td>\n",
       "      <td>0.031946</td>\n",
       "      <td>0.029669</td>\n",
       "      <td>1.000000</td>\n",
       "      <td>-0.006495</td>\n",
       "      <td>0.004906</td>\n",
       "      <td>-0.021190</td>\n",
       "    </tr>\n",
       "    <tr>\n",
       "      <th>MoSold</th>\n",
       "      <td>0.021011</td>\n",
       "      <td>0.071255</td>\n",
       "      <td>-0.028887</td>\n",
       "      <td>0.029474</td>\n",
       "      <td>0.023217</td>\n",
       "      <td>-0.033737</td>\n",
       "      <td>-0.006495</td>\n",
       "      <td>1.000000</td>\n",
       "      <td>-0.145721</td>\n",
       "      <td>0.046432</td>\n",
       "    </tr>\n",
       "    <tr>\n",
       "      <th>YrSold</th>\n",
       "      <td>0.022270</td>\n",
       "      <td>-0.057619</td>\n",
       "      <td>-0.009916</td>\n",
       "      <td>0.018645</td>\n",
       "      <td>0.010694</td>\n",
       "      <td>-0.059689</td>\n",
       "      <td>0.004906</td>\n",
       "      <td>-0.145721</td>\n",
       "      <td>1.000000</td>\n",
       "      <td>-0.028923</td>\n",
       "    </tr>\n",
       "    <tr>\n",
       "      <th>SalePrice</th>\n",
       "      <td>0.324413</td>\n",
       "      <td>0.315856</td>\n",
       "      <td>-0.128578</td>\n",
       "      <td>0.044584</td>\n",
       "      <td>0.111447</td>\n",
       "      <td>0.092404</td>\n",
       "      <td>-0.021190</td>\n",
       "      <td>0.046432</td>\n",
       "      <td>-0.028923</td>\n",
       "      <td>1.000000</td>\n",
       "    </tr>\n",
       "  </tbody>\n",
       "</table>\n",
       "</div>"
      ],
      "text/plain": [
       "               WoodDeckSF  OpenPorchSF  EnclosedPorch  3SsnPorch  ScreenPorch  \\\n",
       "WoodDeckSF       1.000000     0.058661      -0.125989  -0.032771    -0.074181   \n",
       "OpenPorchSF      0.058661     1.000000      -0.093079  -0.005842     0.074304   \n",
       "EnclosedPorch   -0.125989    -0.093079       1.000000  -0.037305    -0.082864   \n",
       "3SsnPorch       -0.032771    -0.005842      -0.037305   1.000000    -0.031436   \n",
       "ScreenPorch     -0.074181     0.074304      -0.082864  -0.031436     1.000000   \n",
       "PoolArea         0.073378     0.060762       0.054203  -0.007992     0.051307   \n",
       "MiscVal         -0.009551    -0.018584       0.018361   0.000354     0.031946   \n",
       "MoSold           0.021011     0.071255      -0.028887   0.029474     0.023217   \n",
       "YrSold           0.022270    -0.057619      -0.009916   0.018645     0.010694   \n",
       "SalePrice        0.324413     0.315856      -0.128578   0.044584     0.111447   \n",
       "\n",
       "               PoolArea   MiscVal    MoSold    YrSold  SalePrice  \n",
       "WoodDeckSF     0.073378 -0.009551  0.021011  0.022270   0.324413  \n",
       "OpenPorchSF    0.060762 -0.018584  0.071255 -0.057619   0.315856  \n",
       "EnclosedPorch  0.054203  0.018361 -0.028887 -0.009916  -0.128578  \n",
       "3SsnPorch     -0.007992  0.000354  0.029474  0.018645   0.044584  \n",
       "ScreenPorch    0.051307  0.031946  0.023217  0.010694   0.111447  \n",
       "PoolArea       1.000000  0.029669 -0.033737 -0.059689   0.092404  \n",
       "MiscVal        0.029669  1.000000 -0.006495  0.004906  -0.021190  \n",
       "MoSold        -0.033737 -0.006495  1.000000 -0.145721   0.046432  \n",
       "YrSold        -0.059689  0.004906 -0.145721  1.000000  -0.028923  \n",
       "SalePrice      0.092404 -0.021190  0.046432 -0.028923   1.000000  "
      ]
     },
     "execution_count": 12,
     "metadata": {},
     "output_type": "execute_result"
    }
   ],
   "source": [
    "df2.corr()"
   ]
  },
  {
   "cell_type": "code",
   "execution_count": null,
   "metadata": {},
   "outputs": [],
   "source": [
    "sns.heatmap(df2.corr(), \n",
    "        xticklabels=pricingCorr.columns,\n",
    "        yticklabels=pricingCorr.columns)"
   ]
  },
  {
   "cell_type": "code",
   "execution_count": null,
   "metadata": {},
   "outputs": [],
   "source": []
  }
 ],
 "metadata": {
  "kernelspec": {
   "display_name": "Python 3",
   "language": "python",
   "name": "python3"
  },
  "language_info": {
   "codemirror_mode": {
    "name": "ipython",
    "version": 3
   },
   "file_extension": ".py",
   "mimetype": "text/x-python",
   "name": "python",
   "nbconvert_exporter": "python",
   "pygments_lexer": "ipython3",
   "version": "3.6.9"
  },
  "varInspector": {
   "cols": {
    "lenName": 16,
    "lenType": 16,
    "lenVar": 40
   },
   "kernels_config": {
    "python": {
     "delete_cmd_postfix": "",
     "delete_cmd_prefix": "del ",
     "library": "var_list.py",
     "varRefreshCmd": "print(var_dic_list())"
    },
    "r": {
     "delete_cmd_postfix": ") ",
     "delete_cmd_prefix": "rm(",
     "library": "var_list.r",
     "varRefreshCmd": "cat(var_dic_list()) "
    }
   },
   "types_to_exclude": [
    "module",
    "function",
    "builtin_function_or_method",
    "instance",
    "_Feature"
   ],
   "window_display": false
  }
 },
 "nbformat": 4,
 "nbformat_minor": 4
}
